acid_tube 1248.000000 -1248.000000 79.125000 0.000000 90.000000 0.000000 0.000000 0.000000 1.000000 0.000000 0.000000 0.000000
acid_tube 976.000000 -1328.000000 79.125000 0.000000 180.000000 0.000000 0.000000 0.000000 1.000000 0.000000 0.000000 0.000000
eggpod 1405.505493 -1387.151245 79.125000 0.000000 27.622208 0.000000 0.000000 0.000000 1.000000 0.000000 0.000000 0.000000
leech 855.821594 -2601.325195 868.125000 0.000000 2.000000 0.000000 0.000000 -0.000000 1.000000 0.000000 0.000000 0.000000
medistat -423.317932 -2711.284180 576.125000 0.000000 -90.000000 0.000000 0.000000 0.000000 1.000000 0.000000 0.000000 0.000000
telenode -1072.094482 -2723.089355 580.125000 0.000000 -106.000000 0.000000 0.000000 0.000000 1.000000 0.000000 0.000000 0.000000
drill -1127.312622 -2786.652100 629.125000 0.000000 -132.000000 0.000000 0.000000 0.000000 1.000000 0.000000 0.000000 0.000000
mgturret -1011.041748 -2426.131104 623.250000 0.000000 129.000000 0.000000 0.000000 0.000000 1.000000 29.999998 0.000000 0.000000
mgturret -670.127808 -2440.497803 596.125000 0.000000 44.000000 0.000000 0.000000 0.000000 1.000000 -20.116926 93.792801 0.000000
hive 866.946228 -1714.635132 212.125000 0.000000 -53.000000 0.000000 0.000000 0.000000 1.000000 0.000000 0.000000 0.000000
rocketpod -698.030518 -2700.783447 596.125000 0.000000 -174.000000 0.000000 0.000000 0.000000 1.000000 -18.157291 -55.984501 0.000000
rocketpod -937.558044 -2700.819336 596.125000 0.000000 105.000000 0.000000 0.000000 0.000000 1.000000 -23.174126 -13.782687 0.000000
mgturret -794.186340 -2702.664551 596.125000 0.000000 138.000000 0.000000 0.000000 0.000000 1.000000 -21.553032 -19.478981 0.000000
telenode -571.419861 -2547.335693 580.125000 0.000000 15.000000 0.000000 0.000000 0.000000 1.000000 0.000000 0.000000 0.000000
telenode -551.442017 -2685.701904 580.125000 0.000000 -48.000000 0.000000 0.000000 0.000000 1.000000 0.000000 0.000000 0.000000
acid_tube -298.267120 -2731.125000 591.125000 0.000000 -147.000000 0.000000 0.000000 0.000000 1.000000 0.000000 0.000000 0.000000
acid_tube -290.604919 -2580.377197 591.125000 0.000000 168.000000 0.000000 0.000000 0.000000 1.000000 0.000000 0.000000 0.000000
booster 549.321960 -2795.875000 614.976685 0.000000 -90.000000 -179.000000 0.000000 1.000000 0.000000 0.000000 0.000000 0.000000
barricade -306.492584 -2651.773682 591.125000 0.000000 -177.000000 0.000000 0.000000 0.000000 1.000000 0.000000 0.000000 0.000000
acid_tube -299.850037 -2719.930908 764.892212 0.000000 -153.000000 -180.000000 0.000000 0.707107 -0.707107 0.000000 0.000000 0.000000
acid_tube -299.947998 -2592.424072 765.247437 0.000000 168.000000 -180.000000 0.000000 -0.707107 -0.707107 0.000000 0.000000 0.000000
trapper -300.167603 -2631.872803 784.875000 0.000000 176.000000 -180.000000 0.000000 0.000000 -1.000000 0.000000 0.000000 0.000000
trapper -297.259155 -2681.301270 784.875000 0.000000 -175.000000 -180.000000 0.000000 0.000000 -1.000000 0.000000 0.000000 0.000000
hive -132.437851 -2554.358643 731.984558 0.000000 175.000000 -90.000000 0.447214 -0.894427 0.000000 0.000000 0.000000 0.000000
eggpod 410.489410 -2793.903320 591.125000 0.000000 -99.000000 0.000000 0.000000 0.000000 1.000000 0.000000 0.000000 0.000000
leech 2300.287598 -2412.375488 900.125000 0.000000 -51.000000 0.000000 0.000000 0.000000 1.000000 0.000000 0.000000 0.000000
leech -969.063354 -1172.561646 564.125000 0.000000 63.000000 0.000000 0.000000 0.000000 1.000000 0.000000 0.000000 0.000000
eggpod 415.025604 -2762.860107 749.000305 0.000000 -76.000000 -17.000000 0.000000 0.894427 -0.447214 0.000000 0.000000 0.000000
trapper 79.333328 -2431.125000 651.685974 0.000000 -163.000000 -78.000000 0.000000 -1.000000 0.000000 0.000000 0.000000 0.000000
hive 113.354088 -2751.854980 772.010925 0.000000 -91.000000 3.000000 0.000000 0.894427 -0.447214 0.000000 0.000000 0.000000
leech -529.064941 -2833.955078 807.292725 0.000000 74.000000 0.000000 0.000000 -0.832050 0.554700 0.000000 0.000000 0.000000
trapper 546.569519 -2774.864746 724.990662 0.000000 84.000000 -7.000000 0.000000 0.894427 -0.447214 0.000000 0.000000 0.000000
eggpod 839.433350 -2764.123535 746.473389 0.000000 -88.000000 -177.000000 0.000000 0.894427 -0.447214 0.000000 0.000000 0.000000
leech -1020.276550 -2828.096680 816.080200 0.000000 53.000000 0.000000 0.000000 -0.832050 0.554700 0.000000 0.000000 0.000000
barricade 473.472473 -2545.442627 591.125000 0.000000 178.000000 0.000000 0.000000 0.000000 1.000000 0.000000 0.000000 0.000000
trapper 1935.125000 -2130.301514 451.467316 0.000000 122.000000 105.000000 1.000000 0.000000 0.000000 0.000000 0.000000 0.000000
barricade 472.469543 -2635.234375 591.125000 0.000000 178.000000 0.000000 0.000000 0.000000 1.000000 0.000000 0.000000 0.000000
leech -2591.170166 -3314.385986 564.125000 0.000000 -150.000000 0.000000 0.000000 0.000000 1.000000 0.000000 0.000000 0.000000
leech 685.729980 -789.499207 1316.125000 0.000000 91.000000 0.000000 0.000000 -0.000000 1.000000 0.000000 0.000000 0.000000
trapper 86.141006 -2589.134033 816.875000 0.000000 -177.000000 -180.000000 0.000000 0.000000 -1.000000 0.000000 0.000000 0.000000
trapper 537.748169 -2593.720703 816.875000 0.000000 139.000000 -180.000000 0.000000 0.000000 -1.000000 0.000000 0.000000 0.000000
acid_tube 536.382874 -2456.845947 591.125000 0.000000 157.000000 0.000000 0.000000 0.000000 1.000000 0.000000 0.000000 0.000000
acid_tube 549.260254 -2453.197510 816.875000 0.000000 136.000000 -180.000000 0.000000 0.000000 -1.000000 0.000000 0.000000 0.000000
acid_tube 678.506409 -2676.000244 623.125000 0.000000 -82.000000 0.000000 0.000000 0.000000 1.000000 0.000000 0.000000 0.000000
leech 2461.717773 -3314.247070 564.125000 0.000000 -76.000000 0.000000 0.000000 0.000000 1.000000 0.000000 0.000000 0.000000
acid_tube 84.125000 -2740.456299 697.555420 0.000000 -146.000000 -56.000000 1.000000 0.000000 0.000000 0.000000 0.000000 0.000000
eggpod 116.704895 -2437.204346 591.125000 0.000000 160.000000 0.000000 0.000000 0.000000 1.000000 0.000000 0.000000 0.000000
spiker -250.028473 -2655.354736 785.875000 0.000000 -172.000000 -180.000000 0.000000 0.000000 -1.000000 0.000000 0.000000 0.000000
leech 61.795246 -2344.302734 -235.875000 0.000000 -122.000000 0.000000 0.000000 0.000000 1.000000 0.000000 0.000000 0.000000
leech 891.039551 -2358.727051 -235.875000 0.000000 -52.000000 0.000000 0.000000 0.000000 1.000000 0.000000 0.000000 0.000000
spiker 676.486633 -2635.875000 190.760391 0.000000 -66.000000 -91.000000 0.000000 1.000000 0.000000 0.000000 0.000000 0.000000
leech 7111.211914 831.145508 580.125000 0.000000 7.000000 0.000000 -0.000000 0.000000 1.000000 0.000000 0.000000 0.000000
eggpod 700.186584 -2850.805908 217.933945 0.000000 14.000000 -72.000000 0.000000 0.832050 0.554700 0.000000 0.000000 0.000000
eggpod 137.777100 -2421.134033 332.875000 0.000000 89.000000 -180.000000 0.000000 0.000000 -1.000000 0.000000 0.000000 0.000000
leech -253.491333 -1085.606323 84.125000 0.000000 41.000000 0.000000 0.000000 0.000000 1.000000 0.000000 0.000000 0.000000
hive 274.374878 -2461.894775 321.718018 0.000000 11.000000 134.000000 0.000000 -0.707107 -0.707107 0.000000 0.000000 0.000000
hive 726.493469 -2438.079590 297.902924 0.000000 22.000000 136.000000 0.000000 -0.707107 -0.707107 0.000000 0.000000 0.000000
eggpod 464.875000 -1464.561157 422.492310 0.000000 20.000000 -28.000000 -1.000000 0.000000 0.000000 0.000000 0.000000 0.000000
trapper 481.890289 -2427.731689 162.530914 0.000000 166.000000 157.000000 1.000000 0.000000 0.000000 0.000000 0.000000 0.000000
trapper 371.987030 -2489.293457 155.765106 0.000000 -69.000000 134.000000 -0.768646 0.639674 0.000004 0.000000 0.000000 0.000000
leech -2584.546631 -2885.410400 564.125000 0.000000 134.000000 0.000000 0.000000 0.000000 1.000000 0.000000 0.000000 0.000000
acid_tube 109.216034 -2439.449219 143.125000 0.000000 136.000000 0.000000 0.000000 0.000000 1.000000 0.000000 0.000000 0.000000
leech 6337.014648 828.948486 580.125000 0.000000 165.000000 0.000000 -0.000000 0.000000 1.000000 0.000000 0.000000 0.000000
booster 448.877747 -2629.359619 137.125000 0.000000 94.000000 0.000000 0.000000 0.000000 1.000000 0.000000 0.000000 0.000000
leech -2871.446777 -1590.649414 404.125000 0.000000 78.000000 0.000000 0.000000 0.000000 1.000000 0.000000 0.000000 0.000000
leech -2881.370605 -408.296753 404.125000 0.000000 12.000000 0.000000 0.000000 0.000000 1.000000 0.000000 0.000000 0.000000
leech -1812.125000 -985.084534 630.708801 0.000000 -40.000000 43.000000 -1.000000 0.000000 0.000000 0.000000 0.000000 0.000000
leech -1782.125000 -723.782715 614.509277 0.000000 -36.000000 28.000000 -1.000000 0.000000 0.000000 0.000000 0.000000 0.000000
acid_tube -741.318787 -2335.735107 591.125000 0.000000 -56.000000 0.000000 0.000000 0.000000 1.000000 0.000000 0.000000 0.000000
eggpod 804.587891 -2782.894287 212.066605 0.000000 -90.000000 0.000000 0.000000 0.832050 0.554700 0.000000 0.000000 0.000000
acid_tube 471.785400 -2492.567871 215.115479 0.000000 50.000000 0.000000 0.000000 0.000000 1.000000 0.000000 0.000000 0.000000
acid_tube 428.696442 -2546.428955 183.116806 0.000000 43.000000 0.000000 0.000000 0.000000 1.000000 0.000000 0.000000 0.000000
trapper 79.125000 -2455.315918 209.490692 0.000000 147.000000 99.000000 1.000000 0.000000 0.000000 0.000000 0.000000 0.000000
eggpod 355.949768 -1927.316772 427.875000 0.000000 -81.000000 -180.000000 0.000000 0.000000 -1.000000 0.000000 0.000000 0.000000
acid_tube 347.972870 -2735.746826 368.875000 0.000000 148.000000 -180.000000 0.000000 0.000000 -1.000000 0.000000 0.000000 0.000000
trapper 784.875000 -2419.235840 207.715485 0.000000 17.000000 -158.000000 -1.000000 0.000000 0.000000 0.000000 0.000000 0.000000
acid_tube 124.751862 -1896.140503 519.125000 0.000000 -89.000000 0.000000 0.000000 0.000000 1.000000 0.000000 0.000000 0.000000
hive 383.040314 -1935.875000 172.604340 0.000000 -114.000000 73.000000 0.000000 1.000000 0.000000 0.000000 0.000000 0.000000
acid_tube 123.669365 -1793.961060 519.125000 0.000000 -89.000000 0.000000 0.000000 0.000000 1.000000 0.000000 0.000000 0.000000
eggpod 128.510330 -1493.196777 540.875000 0.000000 117.000000 -180.000000 0.000000 0.000000 -1.000000 0.000000 0.000000 0.000000
leech 7112.097656 567.041992 580.125000 0.000000 5.000000 0.000000 -0.000000 0.000000 1.000000 0.000000 0.000000 0.000000
booster 873.679871 -993.850952 201.125000 0.000000 18.000000 0.000000 0.000000 0.000000 1.000000 0.000000 0.000000 0.000000
leech 319.627808 976.281433 564.125000 0.000000 172.000000 0.000000 0.000000 0.000000 1.000000 0.000000 0.000000 0.000000
leech -1501.490356 974.860657 564.125000 0.000000 86.000000 0.000000 0.000000 0.000000 1.000000 0.000000 0.000000 0.000000
leech -3428.883301 1001.145508 564.125000 0.000000 153.000000 0.000000 0.000000 0.000000 1.000000 0.000000 0.000000 0.000000
leech 2923.483887 982.762024 564.125000 0.000000 75.000000 0.000000 0.000000 0.000000 1.000000 0.000000 0.000000 0.000000
leech 1623.863770 987.050537 564.125000 0.000000 90.000000 0.000000 0.000000 0.000000 1.000000 0.000000 0.000000 0.000000
leech -517.520386 959.821289 564.125000 0.000000 66.000000 0.000000 0.000000 0.000000 1.000000 0.000000 0.000000 0.000000
leech -2306.324951 990.422485 564.125000 0.000000 97.000000 0.000000 0.000000 0.000000 1.000000 0.000000 0.000000 0.000000
hive 134.292664 -1527.875000 139.091293 0.000000 -131.000000 89.000000 0.000000 1.000000 0.000000 0.000000 0.000000 0.000000
acid_tube 117.064507 -1460.783081 67.125000 0.000000 170.000000 0.000000 0.000000 -0.000000 1.000000 0.000000 0.000000 0.000000
trapper 381.320801 -1892.875000 78.191010 0.000000 -107.000000 36.000000 -0.000000 1.000000 0.000000 0.000000 0.000000 0.000000
booster 251.285660 -1592.855957 9.125000 0.000000 -117.000000 0.000000 0.000000 0.000000 1.000000 0.000000 0.000000 0.000000
eggpod 826.793640 -1557.933105 278.527710 0.000000 -55.000000 104.000000 -0.936329 0.000000 -0.351123 0.000000 0.000000 0.000000
acid_tube 257.917236 -1643.924316 15.125000 0.000000 -117.000000 0.000000 0.000000 0.000000 1.000000 0.000000 0.000000 0.000000
acid_tube 244.125000 -1920.355469 347.307953 0.000000 -90.000000 -90.000000 1.000000 0.000000 0.000000 0.000000 0.000000 0.000000
hive 240.125000 -1721.335938 308.938812 0.000000 -146.000000 -56.000000 1.000000 0.000000 0.000000 0.000000 0.000000 0.000000
eggpod 452.403625 -1936.875000 350.403656 0.000000 -13.000000 -86.000000 0.000000 1.000000 0.000000 0.000000 0.000000 0.000000
trapper 354.847107 -1772.412476 432.875000 0.000000 -88.000000 -180.000000 0.000000 0.000000 -1.000000 0.000000 0.000000 0.000000
acid_tube 520.416626 -1905.300659 143.125000 0.000000 -26.000000 0.000000 0.000000 0.000000 1.000000 0.000000 0.000000 0.000000
barricade 569.915100 -1544.520020 31.125000 0.000000 28.000000 0.000000 0.000000 0.000000 1.000000 0.000000 0.000000 0.000000
booster 1158.812988 -1371.875000 110.287827 0.000000 -83.000000 -172.000000 0.000000 1.000000 0.000000 0.000000 0.000000 0.000000
trapper 971.402527 -1729.225464 336.875000 0.000000 -9.000000 -180.000000 0.000000 0.000000 -1.000000 0.000000 0.000000 0.000000
acid_tube 1418.839600 -1835.254761 199.125000 0.000000 -82.000000 0.000000 0.000000 0.000000 1.000000 0.000000 0.000000 0.000000
hive 1180.216797 -1600.725586 216.725372 0.000000 -83.000000 -168.000000 0.577348 0.577348 0.577348 0.000000 0.000000 0.000000
acid_tube 1414.192627 -1615.256470 195.125000 0.000000 75.000000 0.000000 0.000000 0.000000 1.000000 0.000000 0.000000 0.000000
trapper 952.783997 -1499.125000 81.049446 0.000000 115.000000 -94.000000 0.000000 -1.000000 0.000000 0.000000 0.000000 0.000000
barricade 1018.446899 -1742.797363 79.125000 0.000000 -17.000000 0.000000 0.000000 0.000000 1.000000 0.000000 0.000000 0.000000
acid_tube 1093.259888 -1725.921143 79.125000 0.000000 -68.000000 0.000000 0.000000 0.000000 1.000000 0.000000 0.000000 0.000000
acid_tube 1070.435181 -1807.047974 79.125000 0.000000 -102.000000 0.000000 0.000000 0.000000 1.000000 0.000000 0.000000 0.000000
barricade 1199.710205 -1795.094727 79.125000 0.000000 152.000000 0.000000 0.000000 0.000000 1.000000 0.000000 0.000000 0.000000
hive 1237.447754 -1423.947876 337.875000 0.000000 -53.000000 -180.000000 0.000000 0.000000 -1.000000 0.000000 0.000000 0.000000
eggpod 866.293457 -1059.235229 271.125000 0.000000 -45.000000 0.000000 0.000000 0.000000 1.000000 0.000000 0.000000 0.000000
acid_tube 1491.239380 -1914.936646 187.128906 0.000000 143.000000 0.000000 0.000000 0.000000 1.000000 0.000000 0.000000 0.000000
acid_tube 1413.750000 -1909.313965 187.125000 0.000000 119.000000 0.000000 0.000000 0.000000 1.000000 0.000000 0.000000 0.000000
barricade 1446.335449 -1987.933228 79.125000 0.000000 171.000000 0.000000 0.000000 0.000000 1.000000 0.000000 0.000000 0.000000
leech 2388.882324 -1697.312988 294.875000 0.000000 -17.000000 -180.000000 0.000000 0.000000 -1.000000 0.000000 0.000000 0.000000
leech 2408.301270 -1238.413818 84.125000 0.000000 72.000000 0.000000 0.000000 0.000000 1.000000 0.000000 0.000000 0.000000
hive 2064.125000 -1239.263306 188.971222 0.000000 101.000000 92.000000 1.000000 0.000000 0.000000 0.000000 0.000000 0.000000
acid_tube 2074.891846 -1236.125000 263.585388 0.000000 100.000000 -162.000000 0.000000 -1.000000 0.000000 0.000000 0.000000 0.000000
eggpod 2079.565674 -1561.049438 368.875000 0.000000 -107.000000 -180.000000 0.000000 0.000000 -1.000000 0.000000 0.000000 0.000000
eggpod 2399.121094 -1246.749146 232.398376 0.000000 80.000000 169.000000 0.000000 -0.832050 -0.554700 0.000000 0.000000 0.000000
leech 97.463005 149.535187 596.125000 0.000000 -21.000000 0.000000 0.000000 0.000000 1.000000 0.000000 0.000000 0.000000
acid_tube 2199.299316 -1922.792358 181.524033 0.000000 -67.000000 132.000000 -0.707107 0.000000 -0.707107 0.000000 0.000000 0.000000
acid_tube 2108.604248 -1926.315918 185.427490 0.000000 -92.000000 -135.000000 0.707107 0.000000 -0.707107 0.000000 0.000000 0.000000
leech 2296.173584 -122.319313 628.125000 0.000000 93.000000 0.000000 0.000000 0.000000 1.000000 0.000000 0.000000 0.000000
leech 1408.701538 -165.239868 660.125000 0.000000 153.000000 0.000000 0.000000 0.000000 1.000000 0.000000 0.000000 0.000000
leech -1161.990845 -60.821953 948.125000 0.000000 -165.000000 0.000000 0.000000 0.000000 1.000000 0.000000 0.000000 0.000000
trapper 2160.965088 -2127.125000 321.728638 0.000000 51.000000 113.000000 0.000000 -1.000000 0.000000 0.000000 0.000000 0.000000
leech -2865.702148 -261.043304 1140.125000 0.000000 62.000000 0.000000 0.000000 0.000000 1.000000 0.000000 0.000000 0.000000
leech -3225.281006 -1451.875000 1010.854736 0.000000 -4.000000 -109.000000 0.000000 1.000000 0.000000 0.000000 0.000000 0.000000
hive 1843.746216 -2106.992920 451.875000 0.000000 81.000000 -180.000000 0.000000 0.000000 -1.000000 0.000000 0.000000 0.000000
hive 2244.897949 -2045.717529 323.875000 0.000000 -18.000000 -180.000000 0.000000 0.000000 -1.000000 0.000000 0.000000 0.000000
eggpod 2282.602783 -2473.044434 192.875000 0.000000 -10.000000 -180.000000 0.000000 0.000000 -1.000000 0.000000 0.000000 0.000000
eggpod 1590.046631 -1795.416016 636.125000 0.000000 -21.000000 0.000000 0.000000 0.000000 1.000000 0.000000 0.000000 0.000000
eggpod 894.098755 -1791.273804 641.125000 0.000000 -159.000000 0.000000 0.000000 0.000000 1.000000 0.000000 0.000000 0.000000
booster 916.882446 -1707.484253 601.125000 0.000000 -73.000000 0.000000 0.000000 0.000000 1.000000 0.000000 0.000000 0.000000
acid_tube 1033.253052 -1699.108032 607.125000 0.000000 -44.000000 0.000000 0.000000 0.000000 1.000000 0.000000 0.000000 0.000000
acid_tube 765.825378 -1567.464111 635.125000 0.000000 153.000000 0.000000 0.000000 0.000000 1.000000 0.000000 0.000000 0.000000
hive 894.104492 -1680.368408 739.778992 0.000000 -85.000000 -180.000000 0.000000 0.242536 -0.970142 0.000000 0.000000 0.000000
acid_tube 1189.905396 -1571.086304 607.125000 0.000000 58.000000 0.000000 0.000000 0.000000 1.000000 0.000000 0.000000 0.000000
acid_tube 2133.721680 -980.125000 344.806061 0.000000 115.000000 -27.000000 0.000000 -1.000000 0.000000 0.000000 0.000000 0.000000
eggpod 1680.627930 92.016922 588.875000 0.000000 95.000000 -180.000000 0.000000 0.000000 -1.000000 0.000000 0.000000 0.000000
acid_tube 2343.736328 -980.125000 339.847900 0.000000 123.000000 -33.000000 0.000000 -1.000000 0.000000 0.000000 0.000000 0.000000
acid_tube 1143.306519 -1559.333740 607.125000 0.000000 84.000000 0.000000 0.000000 0.000000 1.000000 0.000000 0.000000 0.000000
acid_tube -932.215637 -2334.583984 591.125000 0.000000 -129.000000 0.000000 0.000000 0.000000 1.000000 0.000000 0.000000 0.000000
trapper -735.352295 -2320.384277 737.175476 0.000000 -60.000000 125.000000 -0.707107 0.000000 -0.707107 0.000000 0.000000 0.000000
trapper -928.969543 -2336.256592 736.853821 0.000000 -116.000000 -121.000000 0.707107 0.000000 -0.707107 0.000000 0.000000 0.000000
trapper 653.182678 -625.483154 448.875000 0.000000 32.000000 -180.000000 0.000000 0.000000 -1.000000 0.000000 0.000000 0.000000
trapper 492.150909 -823.340698 448.875000 0.000000 103.000000 -180.000000 0.000000 0.000000 -1.000000 0.000000 0.000000 0.000000
acid_tube 475.755188 -931.612854 207.125000 0.000000 -162.000000 0.000000 0.000000 0.000000 1.000000 0.000000 0.000000 0.000000
trapper 851.578613 -838.448914 448.875000 0.000000 65.000000 -180.000000 0.000000 0.000000 -1.000000 0.000000 0.000000 0.000000
acid_tube 543.783569 -717.917358 207.125000 0.000000 145.000000 0.000000 0.000000 0.000000 1.000000 0.000000 0.000000 0.000000
trapper 880.875000 -928.853821 263.731781 0.000000 -38.000000 122.000000 -1.000000 0.000000 0.000000 0.000000 0.000000 0.000000
hive 505.082153 -977.404480 418.418793 0.000000 -104.000000 -180.000000 0.000000 0.707107 -0.707107 0.000000 0.000000 0.000000
trapper 874.602905 -703.125000 251.241989 0.000000 4.000000 90.000000 0.000000 -1.000000 0.000000 0.000000 0.000000 0.000000
trapper 468.609375 -1072.875000 328.444397 0.000000 -137.000000 91.000000 0.000000 1.000000 0.000000 0.000000 0.000000 0.000000
hive 684.552856 -974.372498 421.450714 0.000000 -109.000000 -180.000000 0.000000 0.707107 -0.707107 0.000000 0.000000 0.000000
hive 814.708740 -985.534058 410.289215 0.000000 -109.000000 154.000000 0.000000 0.707107 -0.707107 0.000000 0.000000 0.000000
barricade 673.444519 -607.691406 207.125000 0.000000 87.000000 0.000000 0.000000 0.000000 1.000000 0.000000 0.000000 0.000000
barricade 860.524658 -833.364441 207.125000 0.000000 -9.000000 0.000000 0.000000 0.000000 1.000000 0.000000 0.000000 0.000000
barricade 480.788330 -818.093384 207.125000 0.000000 -162.000000 0.000000 0.000000 0.000000 1.000000 0.000000 0.000000 0.000000
barricade 652.082275 -1042.442505 207.125000 0.000000 -63.000000 0.000000 0.000000 0.000000 1.000000 0.000000 0.000000 0.000000
eggpod 828.692444 -1060.335449 336.875000 0.000000 -8.000000 -180.000000 0.000000 0.000000 -1.000000 0.000000 0.000000 0.000000
booster 566.969177 -768.531433 201.125000 0.000000 144.000000 0.000000 0.000000 0.000000 1.000000 0.000000 0.000000 0.000000
spiker 532.125000 -602.391968 213.906647 0.000000 107.000000 106.000000 1.000000 0.000000 0.000000 0.000000 0.000000 0.000000
eggpod 544.624390 -626.735779 456.875000 0.000000 78.000000 -180.000000 0.000000 0.000000 -1.000000 0.000000 0.000000 0.000000
spiker 743.871155 -619.597229 240.538055 0.000000 62.000000 -99.000000 -1.000000 0.000000 0.000000 0.000000 0.000000 0.000000
spiker 532.125000 -604.346252 286.422974 0.000000 159.000000 45.000000 1.000000 0.000000 0.000000 0.000000 0.000000 0.000000
spiker 743.871216 -616.228027 284.540222 0.000000 36.000000 -72.000000 -1.000000 0.000000 0.000000 0.000000 0.000000 0.000000
eggpod 472.910767 -600.495361 335.125000 0.000000 128.000000 0.000000 0.000000 0.000000 1.000000 0.000000 0.000000 0.000000
acid_tube 470.178314 -660.012695 271.125000 0.000000 104.000000 0.000000 0.000000 0.000000 1.000000 0.000000 0.000000 0.000000
acid_tube 875.875000 -734.022583 355.614319 0.000000 -9.000000 166.000000 -1.000000 0.000000 0.000000 0.000000 0.000000 0.000000
acid_tube 875.875000 -919.334595 369.037323 0.000000 9.000000 -167.000000 -1.000000 0.000000 0.000000 0.000000 0.000000 0.000000
acid_tube 468.125000 -914.932617 352.772919 0.000000 163.000000 148.000000 1.000000 0.000000 0.000000 0.000000 0.000000 0.000000
acid_tube 468.125000 -753.622437 384.995209 0.000000 -150.000000 -122.000000 1.000000 0.000000 0.000000 0.000000 0.000000 0.000000
hive 632.077698 -718.505493 451.875000 0.000000 150.000000 -180.000000 0.000000 0.000000 -1.000000 0.000000 0.000000 0.000000
hive 611.999329 -916.751587 451.875000 0.000000 -173.000000 -180.000000 0.000000 0.000000 -1.000000 0.000000 0.000000 0.000000
eggpod 795.156616 -1064.593018 207.125000 0.000000 -68.000000 0.000000 0.000000 0.000000 1.000000 0.000000 0.000000 0.000000
hive 745.755432 -706.912842 451.875000 0.000000 113.000000 -180.000000 0.000000 0.000000 -1.000000 0.000000 0.000000 0.000000
hive 736.338684 -914.795471 451.875000 0.000000 -177.000000 -180.000000 0.000000 0.000000 -1.000000 0.000000 0.000000 0.000000
trapper 620.060852 -1136.816650 752.875000 0.000000 60.000000 -180.000000 0.000000 0.000000 -1.000000 0.000000 0.000000 0.000000
trapper 717.276184 -1140.466553 752.875000 0.000000 68.000000 -180.000000 0.000000 0.000000 -1.000000 0.000000 0.000000 0.000000
eggpod -609.121887 420.704651 655.125000 0.000000 150.000000 0.000000 0.000000 0.000000 1.000000 0.000000 0.000000 0.000000
eggpod -938.598206 -974.189331 559.125000 0.000000 -16.000000 0.000000 0.000000 0.000000 1.000000 0.000000 0.000000 0.000000
eggpod 90.250504 132.666260 719.125000 0.000000 -37.000000 0.000000 0.000000 0.000000 1.000000 0.000000 0.000000 0.000000
barricade -1044.365112 -1279.261475 583.125000 0.000000 -69.000000 0.000000 0.000000 0.000000 1.000000 0.000000 0.000000 0.000000
eggpod -1095.268799 -947.715027 559.125000 0.000000 -116.000000 0.000000 0.000000 0.000000 1.000000 0.000000 0.000000 0.000000
acid_tube -1212.350952 -1315.234253 559.125000 0.000000 -112.000000 0.000000 0.000000 0.000000 1.000000 0.000000 0.000000 0.000000
hive 766.548462 -1136.125000 432.173004 0.000000 73.000000 17.000000 0.000000 -1.000000 0.000000 0.000000 0.000000 0.000000
acid_tube 516.125000 -1214.263794 663.096191 0.000000 170.000000 10.000000 1.000000 0.000000 0.000000 0.000000 0.000000 0.000000
acid_tube 516.125000 -1211.021362 453.312317 0.000000 -165.000000 -16.000000 1.000000 0.000000 0.000000 0.000000 0.000000 0.000000
acid_tube 827.875000 -1214.469116 702.464844 0.000000 6.000000 -6.000000 -1.000000 0.000000 0.000000 0.000000 0.000000 0.000000
hive 576.312866 -1136.125000 422.081848 0.000000 87.000000 3.000000 0.000000 -1.000000 0.000000 0.000000 0.000000 0.000000
acid_tube 827.875000 -1216.423828 432.276733 0.000000 27.000000 -27.000000 -1.000000 0.000000 0.000000 0.000000 0.000000 0.000000
acid_tube 516.125000 -1218.077515 146.041351 0.000000 -75.000000 -105.000000 1.000000 0.000000 0.000000 0.000000 0.000000 0.000000
acid_tube 827.875000 -1225.261230 138.851227 0.000000 161.000000 -160.000000 -1.000000 0.000000 0.000000 0.000000 0.000000 0.000000
acid_tube 806.869202 -1304.125000 128.543869 0.000000 118.000000 -151.000000 0.000000 -1.000000 0.000000 0.000000 0.000000 0.000000
acid_tube 532.673279 -1304.125000 132.077209 0.000000 102.000000 -165.000000 0.000000 -1.000000 0.000000 0.000000 0.000000 0.000000
eggpod 468.032257 -597.570068 719.125000 0.000000 127.000000 0.000000 0.000000 0.000000 1.000000 0.000000 0.000000 0.000000
eggpod 470.394592 -1064.466187 591.125000 0.000000 -177.000000 0.000000 0.000000 0.000000 1.000000 0.000000 0.000000 0.000000
booster 525.687622 -1048.720215 585.125000 0.000000 -177.000000 0.000000 0.000000 0.000000 1.000000 0.000000 0.000000 0.000000
hive -414.193542 115.958893 668.950256 0.000000 -129.000000 72.000000 0.116194 0.993226 0.000000 0.000000 0.000000 0.000000
reactor -437.715515 -2477.351074 580.125000 0.000000 38.000000 0.000000 0.000000 0.000000 1.000000 0.000000 0.000000 0.000000
acid_tube -393.407654 133.697769 591.125000 0.000000 -168.000000 0.000000 0.000000 0.000000 1.000000 0.000000 0.000000 0.000000
eggpod 52.019939 440.406036 591.125000 0.000000 43.000000 0.000000 0.000000 0.000000 1.000000 0.000000 0.000000 0.000000
barricade -113.978271 191.940765 591.125000 0.000000 -150.000000 0.000000 0.000000 0.000000 1.000000 0.000000 0.000000 0.000000
barricade -191.777374 295.123047 591.125000 0.000000 -153.000000 0.000000 0.000000 0.000000 1.000000 0.000000 0.000000 0.000000
booster 17.798553 326.804626 585.125000 0.000000 -144.000000 0.000000 0.000000 0.000000 1.000000 0.000000 0.000000 0.000000
trapper 669.417725 -817.661316 1236.875000 0.000000 110.000000 -180.000000 0.000000 0.000000 -1.000000 0.000000 0.000000 0.000000
acid_tube -24.533150 148.125000 664.470154 0.000000 -124.000000 88.000000 0.000000 1.000000 0.000000 0.000000 0.000000 0.000000
hive 560.125000 -809.832275 1132.589233 0.000000 152.000000 146.000000 1.000000 0.000000 0.000000 0.000000 0.000000 0.000000
barricade 353.376007 -1123.850342 915.930237 0.000000 12.000000 0.000000 -0.496139 0.000000 0.868243 0.000000 0.000000 0.000000
hive 783.875000 -769.205750 1084.493164 0.000000 -4.000000 175.000000 -1.000000 0.000000 0.000000 0.000000 0.000000 0.000000
acid_tube 570.594116 -930.176880 907.125000 0.000000 177.000000 0.000000 0.000000 0.000000 1.000000 0.000000 0.000000 0.000000
trapper 463.125000 -1058.516113 669.848816 0.000000 -119.000000 -116.000000 1.000000 0.000000 0.000000 0.000000 0.000000 0.000000
acid_tube 759.808655 -612.451660 591.125000 0.000000 66.000000 0.000000 0.000000 0.000000 1.000000 0.000000 0.000000 0.000000
acid_tube 597.390808 -606.991333 591.125000 0.000000 123.000000 0.000000 0.000000 0.000000 1.000000 0.000000 0.000000 0.000000
barricade 678.786865 -607.137207 591.125000 0.000000 109.000000 0.000000 0.000000 0.000000 1.000000 0.000000 0.000000 0.000000
acid_tube 476.773621 -665.458374 655.125000 0.000000 138.000000 0.000000 0.000000 0.000000 1.000000 0.000000 0.000000 0.000000
acid_tube 851.854126 -681.235596 591.125000 0.000000 77.000000 0.000000 0.000000 0.000000 1.000000 0.000000 0.000000 0.000000
eggpod 838.457336 -755.823914 591.125000 0.000000 74.000000 0.000000 0.000000 0.000000 1.000000 0.000000 0.000000 0.000000
hive 539.416870 -971.268982 716.125000 0.000000 -170.000000 0.000000 0.000000 0.000000 1.000000 0.000000 0.000000 0.000000
mgturret -413.973633 -2559.580566 596.125000 0.000000 -40.000000 0.000000 0.000000 0.000000 1.000000 0.000000 180.000000 0.000000
leech -218.000000 180.000000 -2859.875000 0.000000 40.000000 0.000000 0.000000 0.000000 1.000000 0.000000 0.000000 0.000000
leech 277.000000 -171.000000 -2731.875000 0.000000 40.000000 0.000000 0.000000 0.000000 1.000000 0.000000 0.000000 0.000000
leech 445.000031 320.000000 -2729.280762 0.000000 40.000000 0.000000 -0.093341 0.000000 0.995634 0.000000 0.000000 0.000000
leech 744.000000 -1059.000000 -2729.875000 0.000000 40.000000 0.000000 0.000000 0.000000 1.000000 0.000000 0.000000 0.000000
leech -901.000000 -205.000000 -19088.000000 0.000000 40.000000 0.000000 0.000000 0.000000 0.000000 0.000000 0.000000 0.000000
leech 1280.000000 -1431.000000 1108.125000 0.000000 40.000000 0.000000 0.000000 0.000000 1.000000 0.000000 0.000000 0.000000
leech 2835.000000 -1431.000000 -13809.000000 0.000000 40.000000 0.000000 0.000000 0.000000 0.000000 0.000000 0.000000 0.000000
leech 4335.000000 -1431.000000 -13809.000000 0.000000 40.000000 0.000000 0.000000 0.000000 0.000000 0.000000 0.000000 0.000000
leech 5835.000000 -1431.000000 -13809.000000 0.000000 40.000000 0.000000 0.000000 0.000000 0.000000 0.000000 0.000000 0.000000
leech 7335.000000 -1431.000000 -13809.000000 0.000000 40.000000 0.000000 0.000000 0.000000 0.000000 0.000000 0.000000 0.000000
leech 8835.000000 -1431.000000 -13809.000000 0.000000 40.000000 0.000000 0.000000 0.000000 0.000000 0.000000 0.000000 0.000000
leech 10335.000000 -1431.000000 -13809.000000 0.000000 40.000000 0.000000 0.000000 0.000000 0.000000 0.000000 0.000000 0.000000
leech 1280.000000 131.000000 -13809.000000 0.000000 40.000000 0.000000 0.000000 0.000000 0.000000 0.000000 0.000000 0.000000
leech 2835.000000 1631.000000 -13809.000000 0.000000 40.000000 0.000000 0.000000 0.000000 0.000000 0.000000 0.000000 0.000000
leech 4335.000000 3131.000000 -13809.000000 0.000000 40.000000 0.000000 0.000000 0.000000 0.000000 0.000000 0.000000 0.000000
leech 5835.000000 4631.000000 -13809.000000 0.000000 40.000000 0.000000 0.000000 0.000000 0.000000 0.000000 0.000000 0.000000
leech 1280.000000 12131.000000 -13809.000000 0.000000 40.000000 0.000000 0.000000 0.000000 0.000000 0.000000 0.000000 0.000000
leech 2835.000000 13631.000000 -13809.000000 0.000000 40.000000 0.000000 0.000000 0.000000 0.000000 0.000000 0.000000 0.000000
leech 4335.000000 15131.000000 -13809.000000 0.000000 40.000000 0.000000 0.000000 0.000000 0.000000 0.000000 0.000000 0.000000
leech 5835.000000 16631.000000 -13809.000000 0.000000 40.000000 0.000000 0.000000 0.000000 0.000000 0.000000 0.000000 0.000000
leech 7335.000000 18131.000000 -13809.000000 0.000000 40.000000 0.000000 0.000000 0.000000 0.000000 0.000000 0.000000 0.000000
arm -418.092682 -2782.889893 587.424988 0.000000 -45.000000 0.000000 0.000000 0.000000 1.000000 0.000000 0.000000 0.000000
acid_tube 1392.000000 -1488.000000 79.125000 0.000000 0.000000 0.000000 0.000000 0.000000 1.000000 0.000000 0.000000 0.000000
eggpod -212.512909 -2251.534912 400.875000 0.000000 -5.000000 -180.000000 0.000000 0.000000 -1.000000 0.000000 0.000000 0.000000
eggpod 1002.870728 -1235.844971 79.125000 0.000000 112.935364 0.000000 0.000000 0.000000 1.000000 0.000000 0.000000 0.000000
overmind -2516.712891 -372.474152 527.125000 0.000000 118.000000 0.000000 0.000000 0.000000 1.000000 0.000000 0.000000 0.000000
