medistat -3041.970459 113.918510 -1615.657104 0.000000 -75.000000 0.000000 0.202902 -0.101451 0.973929 0.000000 0.000000 0.000000
mgturret -3154.972168 325.736633 -1530.792114 0.000000 108.000000 0.000000 0.310797 -0.184536 0.932390 0.000000 0.000007 0.000000
mgturret -3219.694824 137.869171 -1542.656616 0.000000 -154.000000 0.000000 0.347425 -0.144760 0.926467 0.000000 0.000000 0.000000
mgturret -3119.456299 20.534241 -1593.758667 0.000000 -168.000000 0.000000 0.000000 -0.154377 0.988012 0.000000 0.000000 0.000000
mgturret -2560.026855 236.626892 -1579.875000 0.000000 46.000000 0.000000 0.000000 0.000000 1.000000 0.000000 180.000000 0.000000
mgturret -2577.019043 137.970734 -1581.019531 0.000000 -52.000000 0.000000 -0.141421 0.000000 0.989949 0.000000 180.000000 0.000000
rocketpod -2720.787598 141.309845 -1417.130737 0.000000 60.000000 0.000000 -0.316228 0.000000 0.948683 0.000000 180.000000 0.000000
rocketpod -3271.113281 93.706497 -1537.852051 0.000000 74.000000 0.000000 0.000000 -0.174370 0.984680 0.000001 -0.000003 0.000000
telenode -2932.984863 127.228508 -1627.176880 0.000000 -15.000000 0.000000 0.103159 -0.092843 0.990322 0.000000 0.000000 0.000000
mgturret -3420.614014 174.614441 -1470.330078 0.000000 77.000000 0.000000 0.000000 -0.316228 0.948683 0.000000 0.000014 0.000000
drill -2923.492432 -5.318520 -1622.885620 0.000000 57.000000 0.000000 0.000000 0.000000 1.000000 0.000000 0.000000 0.000000
rocketpod -3147.541992 235.439957 -1550.853027 0.000000 109.000000 0.000000 0.311341 -0.175129 0.934022 0.000001 -0.000010 0.000000
drill -2651.272461 1277.601440 -932.070984 0.000000 -22.000000 0.000000 0.041407 -0.103517 0.993765 0.000000 0.000000 0.000000
reactor -2829.808594 230.750214 -1611.875000 0.000000 146.000000 0.000000 0.000000 0.000000 1.000000 0.000000 0.000000 0.000000
overmind 1198.044312 -893.462402 -0.875000 0.000000 -43.000000 0.000000 0.000000 0.000000 1.000000 0.000000 0.000000 0.000000
trapper 1060.731323 -1156.861328 191.641602 0.000000 83.000000 -14.000000 -0.097594 0.908044 0.407347 0.000000 0.000000 0.000000
leech 449.889496 -156.655273 6.447300 0.000000 8.000000 0.000000 0.274721 0.000000 0.961524 0.000000 0.000000 0.000000
leech -635.544373 -128.720673 -5.454102 0.000000 -50.000000 0.000000 -0.274721 0.000000 0.961524 0.000000 0.000000 0.000000
hive 65.612183 -146.195816 80.125000 0.000000 73.000000 0.000000 0.000000 0.000000 1.000000 0.000000 0.000000 0.000000
hive -202.871124 -146.354279 80.125000 0.000000 81.000000 0.000000 0.000000 0.000000 1.000000 0.000000 0.000000 0.000000
trapper 1046.712769 1003.451904 -243.268616 0.000000 -63.000000 46.000000 -0.540268 -0.607042 0.582761 0.000000 0.000000 0.000000
trapper 1020.659058 293.337677 -312.603088 0.000000 60.000000 -35.000000 -0.229416 0.688247 0.688247 0.000000 0.000000 0.000000
trapper 1424.209839 340.308838 411.814667 0.000000 -124.000000 83.000000 -0.475964 -0.036613 -0.878702 0.000000 0.000000 0.000000
trapper 1307.843140 568.833618 456.246124 0.000000 15.000000 -173.000000 -0.413990 -0.112906 -0.903252 0.000000 0.000000 0.000000
hive 1287.496338 370.030945 487.045929 0.000000 12.000000 -177.000000 -0.475964 -0.036613 -0.878702 0.000000 0.000000 0.000000
hive 1203.674072 555.695496 508.049042 0.000000 -21.000000 175.000000 -0.413990 -0.112906 -0.903252 0.000000 0.000000 0.000000
acid_tube 1239.029175 -78.506256 390.597748 0.000000 56.000000 0.000000 -0.485169 -0.143754 0.862523 0.000000 0.000000 0.000000
acid_tube 1147.491821 -171.077835 274.750916 0.000000 67.000000 -5.000000 -0.691479 -0.518609 0.502894 0.000000 0.000000 0.000000
acid_tube 1055.686890 -193.263702 184.949219 0.000000 61.000000 13.000000 -0.351123 -0.360127 0.864304 0.000000 0.000000 0.000000
hive 957.299866 -110.752655 137.010010 0.000000 45.000000 0.000000 -0.164399 0.000000 0.986394 0.000000 0.000000 0.000000
acid_tube 728.125305 -97.063324 -8.875008 0.000000 34.000000 0.000000 0.000000 0.000000 1.000000 0.000000 0.000000 0.000000
acid_tube 574.361450 -103.874771 -8.875000 0.000000 36.000000 0.000000 0.000000 0.000000 1.000000 0.000000 0.000000 0.000000
hive 651.353149 -190.242401 -11.875000 0.000000 37.000000 0.000000 0.000000 0.000000 1.000000 0.000000 0.000000 0.000000
trapper 844.939331 1083.370117 -287.842133 0.000000 15.000000 72.000000 -0.389503 -0.793613 0.467404 0.000000 0.000000 0.000000
trapper 842.493591 245.720108 -311.543335 0.000000 15.000000 -39.000000 0.000000 0.707107 0.707107 0.000000 0.000000 0.000000
leech -942.180054 1499.783447 813.916565 0.000000 66.000000 0.000000 0.071739 -0.163975 0.983852 0.000000 0.000000 0.000000
leech -1174.575928 -46.418205 2148.125000 0.000000 -159.000000 0.000000 -0.000000 0.000000 1.000000 0.000000 0.000000 0.000000
leech 1007.793579 970.556702 2148.125000 0.000000 -67.000000 0.000000 -0.000000 0.000000 1.000000 0.000000 0.000000 0.000000
leech 668.067993 -1052.206543 2148.125000 0.000000 -84.000000 0.000000 -0.000000 0.000000 1.000000 0.000000 0.000000 0.000000
leech -351.007812 1492.172852 2148.125000 0.000000 -14.000000 0.000000 -0.000000 0.000000 1.000000 0.000000 0.000000 0.000000
hive 1106.300293 276.096191 -271.741455 0.000000 3.000000 -36.000000 -0.311958 0.584921 0.748699 0.000000 0.000000 0.000000
hive 1250.208618 348.484619 -89.816658 0.000000 86.000000 -65.000000 -0.894708 0.199749 0.399497 0.000000 0.000000 0.000000
hive 1196.645996 286.060791 -184.715729 0.000000 84.000000 -67.000000 -0.884532 0.287186 0.367598 0.000000 0.000000 0.000000
hive 1291.090088 556.100647 -13.101772 0.000000 -144.000000 5.000000 -0.888099 -0.257707 0.380614 0.000000 0.000000 0.000000
hive 1198.533691 732.020020 -64.049149 0.000000 -55.000000 74.000000 -0.907875 -0.296449 0.296449 0.000000 0.000000 0.000000
hive 1169.372192 775.984619 -127.944138 0.000000 -77.000000 79.000000 -0.947220 -0.071611 0.312485 0.000000 0.000000 0.000000
hive 1114.678467 785.030579 -258.063995 0.000000 -65.000000 67.000000 -0.919553 -0.091557 0.382152 0.000000 0.000000 0.000000
barricade 924.079041 508.868774 -368.875000 0.000000 -2.000000 0.000000 0.000000 0.000000 1.000000 0.000000 0.000000 0.000000
barricade 964.026855 616.370117 -368.875000 0.000000 -32.000000 0.000000 0.000000 0.000000 1.000000 0.000000 0.000000 0.000000
barricade 937.877319 406.368347 -368.875000 0.000000 33.000000 0.000000 0.000000 0.000000 1.000000 0.000000 0.000000 0.000000
trapper 1040.875000 -480.687225 -219.308868 0.000000 99.000000 -87.000000 -1.000000 0.000000 0.000000 0.000000 0.000000 0.000000
acid_tube 766.578247 639.472290 -368.875000 0.000000 -14.000000 0.000000 0.000000 0.000000 1.000000 0.000000 0.000000 0.000000
acid_tube 723.787354 473.538696 -368.875000 0.000000 18.000000 0.000000 0.000000 0.000000 1.000000 0.000000 0.000000 0.000000
booster 923.230347 -555.877747 -361.494141 0.000000 118.000000 0.000000 0.000000 -0.316228 0.948683 0.000000 0.000000 0.000000
acid_tube 797.459229 327.557190 -368.875000 0.000000 31.000000 0.000000 0.000000 0.000000 1.000000 0.000000 0.000000 0.000000
trapper -119.125000 -129.426727 -280.573669 0.000000 65.000000 -112.000000 -1.000000 0.000000 0.000000 0.000000 0.000000 0.000000
trapper 1040.875000 -814.209717 -216.436951 0.000000 73.000000 -101.000000 -1.000000 0.000000 0.000000 0.000000 0.000000 0.000000
acid_tube 786.838684 -547.802551 -336.718109 0.000000 135.000000 0.000000 0.000000 -0.554700 0.832050 0.000000 0.000000 0.000000
acid_tube 770.082947 -720.890381 -368.875000 0.000000 142.000000 0.000000 0.000000 0.000000 1.000000 0.000000 0.000000 0.000000
hive 669.664001 -280.125000 -68.198257 0.000000 163.000000 -97.000000 0.000000 -1.000000 0.000000 0.000000 0.000000 0.000000
hive -757.907532 -183.111252 -11.875000 0.000000 48.000000 0.000000 0.000000 0.000000 1.000000 0.000000 0.000000 0.000000
leech 1301.409668 -1926.897461 4.125000 0.000000 -30.000000 0.000000 0.000000 0.000000 1.000000 0.000000 0.000000 0.000000
leech -529.059570 -2300.854248 540.125000 0.000000 -125.000000 0.000000 0.000000 -0.000000 1.000000 0.000000 0.000000 0.000000
acid_tube 511.742523 -390.485352 -337.594421 0.000000 106.000000 0.000000 -0.371391 -0.742781 0.557086 0.000000 0.000000 0.000000
eggpod -2891.422119 1271.927734 -1426.361328 0.000000 -22.000000 0.000000 0.000000 0.164399 0.986394 0.000000 0.000000 0.000000
trapper -59.081406 -256.674072 -159.125000 0.000000 -1.000000 -180.000000 0.000000 0.000000 -1.000000 0.000000 0.000000 0.000000
hive -73.315674 -235.057098 -254.017410 0.000000 88.000000 176.000000 0.000000 -0.991228 -0.132164 0.000000 0.000000 0.000000
acid_tube 1257.892090 -504.439758 -0.875000 0.000000 44.000000 0.000000 0.000000 0.000000 1.000000 0.000000 0.000000 0.000000
hive 1233.388672 -656.450928 -3.875000 0.000000 65.000000 0.000000 0.000000 0.000000 1.000000 0.000000 0.000000 0.000000
hive 382.056030 -305.449615 -346.326355 0.000000 76.000000 0.000000 -0.301511 -0.301511 0.904534 0.000000 0.000000 0.000000
acid_tube 1232.028564 -761.774841 -0.875000 0.000000 33.000000 0.000000 0.000000 0.000000 1.000000 0.000000 0.000000 0.000000
acid_tube 1156.190063 -505.187286 -0.875000 0.000000 69.000000 0.000000 0.000000 0.000000 1.000000 0.000000 0.000000 0.000000
trapper 1228.034546 -1059.296875 148.863464 0.000000 49.000000 -62.000000 -0.434078 0.798703 0.416714 0.000000 0.000000 0.000000
hive 1148.282959 -643.871094 -3.875000 0.000000 77.000000 0.000000 0.000000 0.000000 1.000000 0.000000 0.000000 0.000000
acid_tube 1144.552979 -758.743713 -0.875000 0.000000 80.000000 0.000000 0.000000 0.000000 1.000000 0.000000 0.000000 0.000000
leech -3778.409668 2263.349609 220.125000 0.000000 142.000000 0.000000 -0.000000 0.000000 1.000000 0.000000 0.000000 0.000000
barricade 239.424728 137.171829 -368.875000 0.000000 -118.000000 0.000000 0.000000 0.000000 1.000000 0.000000 0.000000 0.000000
hive 968.490601 -301.721710 15.246040 0.000000 39.000000 46.000000 0.000000 -0.800000 0.600000 0.000000 0.000000 0.000000
leech -2182.597656 -736.116516 220.125000 0.000000 -78.000000 0.000000 -0.000000 0.000000 1.000000 0.000000 0.000000 0.000000
leech -2157.604980 2254.512451 220.125000 0.000000 94.000000 0.000000 -0.000000 0.000000 1.000000 0.000000 0.000000 0.000000
leech -2966.678955 777.166077 220.125000 0.000000 75.000000 0.000000 -0.000000 0.000000 1.000000 0.000000 0.000000 0.000000
leech -3847.488281 -768.463135 220.124985 0.000000 -163.000000 0.000000 -0.000000 0.000000 1.000000 0.000000 0.000000 0.000000
eggpod 963.032837 -759.945068 -362.843994 0.000000 15.000000 0.000000 -0.038984 0.350857 0.935617 0.000000 0.000000 0.000000
eggpod -137.691437 -248.050720 -368.875000 0.000000 65.000000 0.000000 0.000000 0.000000 1.000000 0.000000 0.000000 0.000000
eggpod 929.660278 898.489197 -368.875000 0.000000 -13.000000 0.000000 0.000000 0.000000 1.000000 0.000000 0.000000 0.000000
booster -151.628876 -174.210876 -374.875000 0.000000 49.000000 0.000000 0.000000 0.000000 1.000000 0.000000 0.000000 0.000000
eggpod 888.768860 497.907196 632.792419 0.000000 10.000000 -180.000000 -0.312348 -0.156174 -0.937043 0.000000 0.000000 0.000000
eggpod -2821.275879 1213.991455 -998.199036 0.000000 -71.000000 74.000000 -0.995535 -0.009779 0.093882 0.000000 0.000000 0.000000
eggpod 702.226562 -604.302063 662.735229 0.000000 -1.000000 -180.000000 -0.235702 0.235702 -0.942809 0.000000 0.000000 0.000000
eggpod -28.543938 1283.403687 424.305298 0.000000 28.000000 -180.000000 0.035967 -0.503545 -0.863220 0.000000 0.000000 0.000000
eggpod -642.680115 427.097260 641.290283 0.000000 -32.000000 -180.000000 0.312348 -0.156174 -0.937043 0.000000 0.000000 0.000000
eggpod 1040.875000 -952.347290 -68.667786 0.000000 37.000000 -136.000000 -1.000000 0.000000 0.000000 0.000000 0.000000 0.000000
eggpod -712.045898 -668.330505 573.118225 0.000000 -46.000000 -180.000000 0.307692 0.230769 -0.923077 0.000000 0.000000 0.000000
eggpod 1040.875000 -512.388367 -65.405685 0.000000 73.000000 -89.000000 -1.000000 0.000000 0.000000 0.000000 0.000000 0.000000
eggpod -545.649353 609.476562 -367.313568 0.000000 -174.000000 0.000000 0.093341 0.000000 0.995634 0.000000 0.000000 0.000000
eggpod 1040.875000 -747.169739 -56.527851 0.000000 83.000000 -90.000000 -1.000000 0.000000 0.000000 0.000000 0.000000 0.000000
eggpod -349.834259 -275.125000 -53.035110 0.000000 144.000000 -99.000000 0.000000 -1.000000 0.000000 0.000000 0.000000 0.000000
eggpod 195.893219 -275.125000 -43.569344 0.000000 155.000000 -88.000000 0.000000 -1.000000 0.000000 0.000000 0.000000 0.000000
barricade -195.548798 589.038635 -366.875000 0.000000 178.000000 0.000000 0.000000 0.000000 1.000000 0.000000 0.000000 0.000000
eggpod -452.528107 999.818970 -362.882111 0.000000 110.000000 0.000000 0.072474 -0.082827 0.993925 0.000000 0.000000 0.000000
barricade -158.027939 895.944641 -368.875000 0.000000 165.000000 0.000000 0.000000 0.000000 1.000000 0.000000 0.000000 0.000000
barricade -294.216278 260.136383 -368.875000 0.000000 -144.000000 0.000000 0.000000 0.000000 1.000000 0.000000 0.000000 0.000000
acid_tube -70.090912 68.934586 -368.875000 0.000000 27.000000 0.000000 0.000000 0.000000 1.000000 0.000000 0.000000 0.000000
leech -1075.435059 1852.692627 -1307.875000 0.000000 69.000000 0.000000 0.000000 0.000000 1.000000 0.000000 0.000000 0.000000
leech -544.110657 83.834427 -1067.875000 0.000000 -145.000000 0.000000 0.000000 0.000000 1.000000 0.000000 0.000000 0.000000
acid_tube 333.976501 508.063202 -368.875000 0.000000 -50.000000 0.000000 0.000000 0.000000 1.000000 0.000000 0.000000 0.000000
barricade 457.048187 810.633484 -848.875000 0.000000 1.000000 0.000000 0.000000 0.000000 1.000000 0.000000 0.000000 0.000000
acid_tube -77.390724 697.896606 -368.875000 0.000000 3.000000 0.000000 0.000000 0.000000 1.000000 0.000000 0.000000 0.000000
acid_tube 352.463654 272.086395 -368.875000 0.000000 -77.000000 0.000000 0.000000 0.000000 1.000000 0.000000 0.000000 0.000000
booster -2994.515869 1320.944214 -1443.183716 0.000000 -135.000000 0.000000 0.000000 0.062378 0.998053 0.000000 0.000000 0.000000
leech -2027.958252 -662.198975 -1355.875000 0.000000 -147.000000 0.000000 0.000000 0.000000 1.000000 0.000000 0.000000 0.000000
leech 339.818146 817.980286 -675.875000 0.000000 63.000000 0.000000 0.000000 0.000000 1.000000 0.000000 0.000000 0.000000
acid_tube 138.660767 704.136719 -368.875000 0.000000 -36.000000 0.000000 0.000000 0.000000 1.000000 0.000000 0.000000 0.000000
hive 252.642822 705.486511 -371.875000 0.000000 -31.000000 0.000000 0.000000 0.000000 1.000000 0.000000 0.000000 0.000000
hive -322.492310 420.258087 -371.875000 0.000000 -101.000000 0.000000 0.000000 0.000000 1.000000 0.000000 0.000000 0.000000
hive 35.220936 36.180244 -371.875000 0.000000 -16.000000 0.000000 0.000000 0.000000 1.000000 0.000000 0.000000 0.000000
eggpod 1040.019287 1361.300171 -575.477051 0.000000 58.000000 -180.000000 0.000000 -0.707107 -0.707107 0.000000 0.000000 0.000000
acid_tube 384.926178 819.975464 -680.875000 0.000000 109.000000 0.000000 0.000000 0.000000 1.000000 0.000000 0.000000 0.000000
hive -367.646515 581.482971 -515.875000 0.000000 135.000000 0.000000 0.000000 0.000000 1.000000 0.000000 0.000000 0.000000
leech -1090.403564 503.075867 -1067.875000 0.000000 157.000000 0.000000 0.000000 0.000000 1.000000 0.000000 0.000000 0.000000
eggpod 478.911133 254.522125 -624.875000 0.000000 2.000000 0.000000 0.000000 0.000000 1.000000 0.000000 0.000000 0.000000
acid_tube -66.625114 -43.949131 -680.875000 0.000000 -142.000000 0.000000 0.000000 0.000000 1.000000 0.000000 0.000000 0.000000
acid_tube 149.929764 -59.918461 -680.875000 0.000000 -54.000000 0.000000 0.000000 0.000000 1.000000 0.000000 0.000000 0.000000
leech 2698.044434 -893.462402 -14883.125000 0.000000 -43.000000 0.000000 0.000000 0.000000 0.000000 0.000000 0.000000 0.000000
leech 4198.044434 -893.462402 -14883.125000 0.000000 -43.000000 0.000000 0.000000 0.000000 0.000000 0.000000 0.000000 0.000000
leech 5698.044434 -893.462402 -14883.125000 0.000000 -43.000000 0.000000 0.000000 0.000000 0.000000 0.000000 0.000000 0.000000
leech 7198.044434 -893.462402 -14883.125000 0.000000 -43.000000 0.000000 0.000000 0.000000 0.000000 0.000000 0.000000 0.000000
leech 8698.043945 -893.462402 -14883.125000 0.000000 -43.000000 0.000000 0.000000 0.000000 0.000000 0.000000 0.000000 0.000000
leech 10198.043945 -893.462402 -14883.125000 0.000000 -43.000000 0.000000 0.000000 0.000000 0.000000 0.000000 0.000000 0.000000
leech 2698.044434 607.462402 -14883.125000 0.000000 -43.000000 0.000000 0.000000 0.000000 0.000000 0.000000 0.000000 0.000000
leech 4198.044434 2107.462402 -14883.125000 0.000000 -43.000000 0.000000 0.000000 0.000000 0.000000 0.000000 0.000000 0.000000
leech 5698.044434 3607.462402 -14883.125000 0.000000 -43.000000 0.000000 0.000000 0.000000 0.000000 0.000000 0.000000 0.000000
leech 7198.044434 5107.462402 -14883.125000 0.000000 -43.000000 0.000000 0.000000 0.000000 0.000000 0.000000 0.000000 0.000000
leech 8698.043945 6607.462402 -14883.125000 0.000000 -43.000000 0.000000 0.000000 0.000000 0.000000 0.000000 0.000000 0.000000
leech 10198.043945 8107.462402 -14883.125000 0.000000 -43.000000 0.000000 0.000000 0.000000 0.000000 0.000000 0.000000 0.000000
leech 11698.044922 607.462402 -14883.125000 0.000000 -43.000000 0.000000 0.000000 0.000000 0.000000 0.000000 0.000000 0.000000
leech 13198.044922 2107.462402 -14883.125000 0.000000 -43.000000 0.000000 0.000000 0.000000 0.000000 0.000000 0.000000 0.000000
leech 14698.044922 3607.462402 -14883.125000 0.000000 -43.000000 0.000000 0.000000 0.000000 0.000000 0.000000 0.000000 0.000000
leech 16198.044922 5107.462402 -14883.125000 0.000000 -43.000000 0.000000 0.000000 0.000000 0.000000 0.000000 0.000000 0.000000
leech 17698.042969 6607.462402 -14883.125000 0.000000 -43.000000 0.000000 0.000000 0.000000 0.000000 0.000000 0.000000 0.000000
leech 19198.042969 8107.462402 -14883.125000 0.000000 -43.000000 0.000000 0.000000 0.000000 0.000000 0.000000 0.000000 0.000000
trapper 46.698246 -49.776756 -447.125000 0.000000 -114.000000 -180.000000 0.000000 0.000000 -1.000000 0.000000 0.000000 0.000000
drill -2709.966553 195.184860 -1420.875000 0.000000 10.000000 0.000000 0.000000 0.000000 1.000000 0.000000 0.000000 0.000000
trapper 36.843552 841.063599 -447.125000 0.000000 79.000000 -180.000000 0.000000 0.000000 -1.000000 0.000000 0.000000 0.000000
barricade 53.222996 843.750671 -680.875000 0.000000 114.000000 0.000000 0.000000 0.000000 1.000000 0.000000 0.000000 0.000000
acid_tube -98.582245 825.438477 -680.875000 0.000000 50.000000 0.000000 0.000000 0.000000 1.000000 0.000000 0.000000 0.000000
barricade 25.144312 -86.524948 -680.875000 0.000000 -75.000000 0.000000 0.000000 0.000000 1.000000 0.000000 0.000000 0.000000
hive 170.173050 847.875000 -541.908142 0.000000 66.000000 44.000000 0.000000 -1.000000 0.000000 0.000000 0.000000 0.000000
hive -79.059334 -734.669189 -1075.875000 0.000000 -115.000000 0.000000 0.000000 0.000000 1.000000 0.000000 0.000000 0.000000
trapper -24.803474 -760.875000 -1020.799805 0.000000 2.000000 -88.000000 0.000000 1.000000 0.000000 0.000000 0.000000 0.000000
acid_tube 144.071472 -618.010315 -1072.875000 0.000000 -13.000000 0.000000 0.000000 0.000000 1.000000 0.000000 0.000000 0.000000
acid_tube -77.269470 -429.925201 -1072.875000 0.000000 156.000000 0.000000 0.000000 0.000000 1.000000 0.000000 0.000000 0.000000
acid_tube 158.788483 820.311890 -680.875000 0.000000 104.000000 0.000000 0.000000 0.000000 1.000000 0.000000 0.000000 0.000000
hive -92.832489 -79.875000 -544.072205 0.000000 -107.000000 34.000000 0.000000 1.000000 0.000000 0.000000 0.000000 0.000000
hive 129.220596 -747.019592 -1075.875000 0.000000 -32.000000 0.000000 0.000000 0.000000 1.000000 0.000000 0.000000 0.000000
trapper 75.924965 -760.875000 -1006.973572 0.000000 4.000000 -87.000000 0.000000 1.000000 0.000000 0.000000 0.000000 0.000000
trapper 102.016983 -605.656067 -879.125000 0.000000 176.000000 -173.000000 0.000000 0.000000 -1.000000 0.000000 0.000000 0.000000
acid_tube 59.308235 -688.544556 -1072.875000 0.000000 -58.000000 0.000000 0.000000 0.000000 1.000000 0.000000 0.000000 0.000000
barricade 105.061966 -448.080688 -1098.429199 0.000000 99.000000 0.000000 0.000000 -0.683295 0.730137 0.000000 0.000000 0.000000
acid_tube 197.566879 -167.800842 -1072.875000 0.000000 -77.000000 0.000000 0.000000 0.000000 1.000000 0.000000 0.000000 0.000000
barricade 108.966812 -154.824265 -1072.875000 0.000000 -105.000000 0.000000 0.000000 0.000000 1.000000 0.000000 0.000000 0.000000
barricade -36.817276 -154.708740 -1072.875000 0.000000 -62.000000 0.000000 0.000000 0.000000 1.000000 0.000000 0.000000 0.000000
acid_tube -126.609291 -165.157532 -1072.875000 0.000000 -61.000000 0.000000 0.000000 0.000000 1.000000 0.000000 0.000000 0.000000
hive 13.754009 -36.907745 -1039.599976 0.000000 -77.000000 0.000000 0.000000 -0.431455 0.902134 0.000000 0.000000 0.000000
booster -291.042267 723.356079 -1078.875000 0.000000 -33.000000 0.000000 0.000000 0.000000 1.000000 0.000000 0.000000 0.000000
eggpod -478.167847 390.050629 -1072.875000 0.000000 -72.000000 0.000000 0.000000 0.000000 1.000000 0.000000 0.000000 0.000000
eggpod -332.066345 753.925049 -727.125000 0.000000 -180.000000 -180.000000 0.000000 0.000000 -1.000000 0.000000 0.000000 0.000000
eggpod 403.699829 747.184082 -727.125000 0.000000 -13.000000 -180.000000 0.000000 0.000000 -1.000000 0.000000 0.000000 0.000000
acid_tube -385.687378 -45.259804 -864.875000 0.000000 -138.000000 0.000000 0.000000 0.000000 1.000000 0.000000 0.000000 0.000000
trapper 8.846291 -48.875000 -873.558228 0.000000 -173.000000 88.000000 0.000000 1.000000 0.000000 0.000000 0.000000 0.000000
trapper 24.235085 816.875000 -877.464355 0.000000 4.000000 90.000000 0.000000 -1.000000 0.000000 0.000000 0.000000 0.000000
hive 44.748817 687.078125 -683.875000 0.000000 127.000000 0.000000 0.000000 0.000000 1.000000 0.000000 0.000000 0.000000
acid_tube -431.840454 807.880676 -680.875000 0.000000 150.000000 0.000000 0.000000 0.000000 1.000000 0.000000 0.000000 0.000000
eggpod -377.147980 -9.202087 -680.875000 0.000000 -132.000000 0.000000 0.000000 0.000000 1.000000 0.000000 0.000000 0.000000
eggpod 456.255371 -32.247913 -680.875000 0.000000 -25.000000 0.000000 0.000000 0.000000 1.000000 0.000000 0.000000 0.000000
telenode -2927.149414 230.474594 -1612.081665 0.000000 28.000000 0.000000 0.122163 -0.173064 0.977305 0.000000 0.000000 0.000000
eggpod 575.899292 -158.212936 -559.125000 0.000000 -82.000000 -180.000000 0.000000 0.000000 -1.000000 0.000000 0.000000 0.000000
eggpod 335.125000 608.997986 -457.407684 0.000000 -171.000000 -12.000000 1.000000 0.000000 0.000000 0.000000 0.000000 0.000000
eggpod -399.119385 281.241974 -624.875000 0.000000 88.000000 0.000000 0.000000 0.000000 1.000000 0.000000 0.000000 0.000000
eggpod -271.125000 153.965469 -477.192322 0.000000 -13.000000 13.000000 -1.000000 0.000000 0.000000 0.000000 0.000000 0.000000
acid_tube 454.526825 359.713684 -624.875000 0.000000 -34.000000 0.000000 0.000000 0.000000 1.000000 0.000000 0.000000 0.000000
eggpod 1180.045166 576.991577 -680.875000 0.000000 -29.000000 0.000000 0.000000 0.000000 1.000000 0.000000 0.000000 0.000000
barricade 797.248596 441.838196 -680.875000 0.000000 -67.000000 0.000000 0.000000 0.000000 1.000000 0.000000 0.000000 0.000000
eggpod 1179.960571 222.724365 -487.125000 0.000000 -25.000000 -180.000000 0.000000 0.000000 -1.000000 0.000000 0.000000 0.000000
booster 1175.988770 231.496689 -686.875000 0.000000 -45.000000 0.000000 0.000000 0.000000 1.000000 0.000000 0.000000 0.000000
acid_tube 1081.416382 243.370026 -680.875000 0.000000 -46.000000 0.000000 0.000000 0.000000 1.000000 0.000000 0.000000 0.000000
acid_tube 1179.680664 375.941925 -680.875000 0.000000 -35.000000 0.000000 0.000000 0.000000 1.000000 0.000000 0.000000 0.000000
trapper 1026.830566 -64.875000 -632.558105 0.000000 1.000000 -90.000000 0.000000 1.000000 0.000000 0.000000 0.000000 0.000000
acid_tube 1043.875000 162.251083 -564.120483 0.000000 -169.000000 169.000000 -1.000000 0.000000 0.000000 0.000000 0.000000 0.000000
hive 971.479309 39.385098 -484.125000 0.000000 22.000000 -180.000000 0.000000 0.000000 -1.000000 0.000000 0.000000 0.000000
barricade 1082.740356 42.660034 -680.875000 0.000000 17.000000 0.000000 0.000000 0.000000 1.000000 0.000000 0.000000 0.000000
eggpod 1184.824707 850.053833 -487.125000 0.000000 6.000000 -180.000000 0.000000 0.000000 -1.000000 0.000000 0.000000 0.000000
eggpod 732.281860 844.644470 -487.125000 0.000000 180.000000 -180.000000 0.000000 0.000000 -1.000000 0.000000 0.000000 0.000000
acid_tube 930.380798 251.368332 -504.875000 0.000000 78.000000 0.000000 0.000000 0.000000 1.000000 0.000000 0.000000 0.000000
hive 989.885132 646.838867 -499.875000 0.000000 50.000000 0.000000 0.000000 0.000000 1.000000 0.000000 0.000000 0.000000
trapper -1664.971191 -143.677048 224.875000 0.000000 -177.000000 -180.000000 0.000000 0.000000 -1.000000 0.000000 0.000000 0.000000
leech -1831.319946 83.197220 -11.875000 0.000000 132.000000 0.000000 0.000000 0.000000 1.000000 0.000000 0.000000 0.000000
booster -1816.172363 -157.723495 -214.875000 0.000000 -153.000000 0.000000 0.000000 0.000000 1.000000 0.000000 0.000000 0.000000
acid_tube -1529.590576 87.064621 -208.875000 0.000000 98.000000 0.000000 0.000000 0.000000 1.000000 0.000000 0.000000 0.000000
hive 856.665771 531.066223 -484.125000 0.000000 -17.000000 -180.000000 0.000000 0.000000 -1.000000 0.000000 0.000000 0.000000
eggpod -1777.592773 -98.487236 -160.875000 0.000000 158.000000 0.000000 0.000000 0.000000 1.000000 0.000000 0.000000 0.000000
eggpod -1762.959351 -271.525909 -208.875000 0.000000 -153.000000 0.000000 0.000000 0.000000 1.000000 0.000000 0.000000 0.000000
barricade -1619.372559 64.644859 -208.875000 0.000000 122.000000 0.000000 0.000000 0.000000 1.000000 0.000000 0.000000 0.000000
trapper -1596.475830 21.715994 8.875000 0.000000 152.000000 -180.000000 0.000000 0.000000 -1.000000 0.000000 0.000000 0.000000
eggpod -1439.125000 -357.298279 -7.542480 0.000000 -96.000000 91.000000 -1.000000 0.000000 0.000000 0.000000 0.000000 0.000000
trapper -1439.125000 81.554184 -21.499266 0.000000 115.000000 -96.000000 -1.000000 0.000000 0.000000 0.000000 0.000000 0.000000
acid_tube -1577.896484 -46.348358 -208.875000 0.000000 114.000000 0.000000 0.000000 0.000000 1.000000 0.000000 0.000000 0.000000
acid_tube -1729.268799 82.858398 -536.875000 0.000000 134.000000 0.000000 0.000000 0.000000 1.000000 0.000000 0.000000 0.000000
telenode -2845.364502 69.732460 -1630.362183 0.000000 -37.000000 0.000000 -0.103556 0.031067 0.994138 0.000000 0.000000 0.000000
acid_tube -3043.316162 1358.992432 -1437.931030 0.000000 -149.000000 0.000000 0.020811 -0.041622 0.998917 0.000000 0.000000 0.000000
hive -2947.907227 1465.282349 -1365.984131 0.000000 -26.000000 -120.000000 0.269069 0.403604 -0.874475 0.000000 0.000000 0.000000
eggpod -2618.712402 1623.090698 -1279.595459 0.000000 176.000000 0.000000 0.000000 -0.555562 0.831475 0.000000 0.000000 0.000000
acid_tube -3552.591797 445.572021 -1439.947510 0.000000 -81.000000 72.000000 -0.529163 -0.609153 0.590694 0.000000 0.000000 0.000000
hive -1795.395264 -72.125000 -615.247620 0.000000 55.000000 137.000000 0.000000 -1.000000 0.000000 0.000000 0.000000 0.000000
eggpod -1835.653076 -376.004333 -680.875000 0.000000 -141.000000 0.000000 0.000000 0.000000 1.000000 0.000000 0.000000 0.000000
hive -1682.406006 -89.123543 -203.875000 0.000000 125.000000 0.000000 0.000000 0.000000 1.000000 0.000000 0.000000 0.000000
acid_tube -1629.009644 -132.125000 -710.608582 0.000000 -79.000000 75.000000 0.000000 -1.000000 0.000000 0.000000 0.000000 0.000000
booster -1787.655640 -91.790092 -686.875000 0.000000 160.000000 0.000000 0.000000 0.000000 1.000000 0.000000 0.000000 0.000000
eggpod -1446.555054 83.739304 -463.125000 0.000000 75.000000 -180.000000 0.000000 0.000000 -1.000000 0.000000 0.000000 0.000000
acid_tube -1445.123291 81.344391 -680.875000 0.000000 71.000000 0.000000 0.000000 0.000000 1.000000 0.000000 0.000000 0.000000
barricade -1411.962524 -147.923584 -680.875000 0.000000 49.000000 0.000000 0.000000 0.000000 1.000000 0.000000 0.000000 0.000000
eggpod -21.639702 -1066.231201 -1286.434937 0.000000 -128.000000 0.000000 0.688247 0.229416 0.688247 0.000000 0.000000 0.000000
eggpod -1760.481445 -218.607651 -463.125000 0.000000 -81.000000 -180.000000 0.000000 0.000000 -1.000000 0.000000 0.000000 0.000000
eggpod 768.759888 -1404.454102 -1425.926270 0.000000 -91.000000 -91.000000 0.623482 0.000000 -0.781837 0.000000 0.000000 0.000000
eggpod 687.147217 -1070.500000 -1366.240479 0.000000 -162.000000 -180.000000 -0.436274 0.000000 -0.899814 0.000000 0.000000 0.000000
barricade 39.539658 -95.754913 -112.875000 0.000000 4.000000 0.000000 0.000000 0.000000 1.000000 0.000000 0.000000 0.000000
barricade 25.231354 -191.676239 -112.875000 0.000000 19.000000 0.000000 0.000000 0.000000 1.000000 0.000000 0.000000 0.000000
acid_tube -98.185707 -220.333664 -112.875000 0.000000 15.000000 0.000000 0.000000 0.000000 1.000000 0.000000 0.000000 0.000000
acid_tube -86.446129 -112.068588 -112.875000 0.000000 24.000000 0.000000 0.000000 0.000000 1.000000 0.000000 0.000000 0.000000
acid_tube 1106.582520 -1457.114258 -192.018295 0.000000 -155.000000 0.000000 0.666667 -0.666667 0.333333 0.000000 0.000000 0.000000
eggpod -375.886597 -166.470764 -138.044220 0.000000 41.000000 0.000000 -0.233373 0.000000 0.972387 0.000000 0.000000 0.000000
eggpod -40.710503 -1962.344604 -1600.875000 0.000000 16.000000 0.000000 0.000000 0.000000 1.000000 0.000000 0.000000 0.000000
hive 1089.319458 -1474.359375 -102.212051 0.000000 -118.000000 -79.000000 0.894427 0.447214 0.000000 0.000000 0.000000 0.000000
barricade -558.019836 -1925.682373 -1600.875000 0.000000 121.000000 0.000000 0.000000 0.000000 1.000000 0.000000 0.000000 0.000000
eggpod -861.861084 -1958.069092 -1600.875000 0.000000 148.000000 0.000000 0.000000 0.000000 1.000000 0.000000 0.000000 0.000000
acid_tube -440.964935 -1974.122559 -1600.875000 0.000000 119.000000 0.000000 0.000000 0.000000 1.000000 0.000000 0.000000 0.000000
trapper -531.006714 -2088.571777 -1447.125000 0.000000 -159.000000 -180.000000 0.000000 0.000000 -1.000000 0.000000 0.000000 0.000000
eggpod -557.601013 -2557.046631 -1479.125000 0.000000 -86.000000 -180.000000 0.000000 0.000000 -1.000000 0.000000 0.000000 0.000000
eggpod -78.458466 -2591.041504 -1600.875000 0.000000 -100.000000 0.000000 0.000000 0.000000 1.000000 0.000000 0.000000 0.000000
hive -3498.408447 1179.831665 -1439.524902 0.000000 -92.000000 59.000000 -0.034895 0.959611 0.279159 0.000000 0.000000 0.000000
leech 1042.476929 1360.410645 -675.875000 0.000000 15.000000 0.000000 0.000000 0.000000 1.000000 0.000000 0.000000 0.000000
eggpod -842.397644 -2593.958252 -1479.125000 0.000000 -141.000000 -180.000000 0.000000 0.000000 -1.000000 0.000000 0.000000 0.000000
eggpod -310.838440 -2589.058350 -1600.875000 0.000000 -78.000000 0.000000 0.000000 0.000000 1.000000 0.000000 0.000000 0.000000
acid_tube -68.993782 -2442.904297 -1600.875000 0.000000 -71.000000 0.000000 0.000000 0.000000 1.000000 0.000000 0.000000 0.000000
acid_tube -642.858765 -1973.150391 -1600.875000 0.000000 113.000000 0.000000 0.000000 0.000000 1.000000 0.000000 0.000000 0.000000
leech -2122.959717 1670.594604 -1299.875000 0.000000 132.000000 0.000000 0.000000 0.000000 1.000000 0.000000 0.000000 0.000000
eggpod -2220.857666 1563.036499 -1286.362061 0.000000 -177.000000 0.000000 0.000000 0.555562 0.831475 0.000000 0.000000 0.000000
eggpod -2492.252441 1551.640747 -1278.601196 0.000000 -145.000000 0.000000 0.000000 0.707111 0.707103 0.000000 0.000000 0.000000
eggpod -2351.019531 1608.070312 -1288.929321 0.000000 175.000000 0.000000 0.000000 -0.382681 0.923881 0.000000 0.000000 0.000000
arm -2976.280273 46.085430 -1620.659668 0.000000 -118.000000 0.000000 0.144276 0.020611 0.989323 0.000000 0.000000 0.000000
